================================================================================================
双标的参数深探 Round 2  Top-20 (按夏普率排序)
================================================================================================
  #   Sharpe     Ann%    XIRR%   MaxDD%   HLDB_M   HST_M    HB1    HB2   H-G1S   H-G2S   HSH    TB1    TB2   T-G1S   T-G2S   TSH
------------------------------------------------------------------------------------------------
  1   0.3511    +4.87     9.57   -18.50     4800     200  0.020  0.030    0.15    0.50  1200  0.080  0.080    0.20    0.50   100   ⚠ 含未来函数(预算比例经优化)
  2   0.3376    +4.68     9.22   -18.95     4600     400  0.020  0.030    0.15    0.50  1200  0.080  0.080    0.20    0.50   100   ⚠ 含未来函数
★ 3   0.3308    +4.60     9.06   -19.11     4500     500  0.020  0.030    0.15    0.50  1200  0.080  0.080    0.20    0.50   100   ✅ 推荐(9:1先验,无未来函数)
  4   0.3305    +4.59     9.05   -19.09     4500     500  0.020  0.030    0.15    0.50  1200  0.080  0.080    0.30    0.50   100
  5   0.3305    +4.59     9.05   -19.11     4500     500  0.020  0.030    0.15    0.50  1200  0.080  0.080    0.25    0.50   100
  6   0.3305    +4.59     9.05   -19.13     4500     500  0.020  0.030    0.15    0.50  1200  0.080  0.080    0.15    0.50   100
  7   0.3305    +4.59     9.04   -19.11     4500     500  0.020  0.030    0.15    0.50  1200  0.080  0.080    0.25    0.40   100
  8   0.3305    +4.59     9.05   -19.12     4500     500  0.020  0.030    0.15    0.50  1200  0.080  0.080    0.15    0.40   100
  9   0.3305    +4.59     9.05   -19.10     4500     500  0.020  0.030    0.15    0.50  1200  0.060  0.080    0.25    0.50   100
 10   0.3304    +4.59     9.04   -19.10     4500     500  0.020  0.030    0.15    0.50  1200  0.080  0.080    0.30    0.40   100
 11   0.3304    +4.59     9.04   -19.11     4500     500  0.020  0.030    0.15    0.50  1200  0.060  0.080    0.25    0.40   100
 12   0.3304    +4.59     9.04   -19.09     4500     500  0.020  0.030    0.15    0.50  1200  0.080  0.080    0.20    0.40   100
 13   0.3303    +4.59     9.04   -19.08     4500     500  0.020  0.030    0.15    0.50  1200  0.060  0.080    0.25    0.30   100
 14   0.3303    +4.59     9.04   -19.11     4500     500  0.020  0.030    0.15    0.50  1200  0.060  0.080    0.15    0.50   100
 15   0.3302    +4.59     9.04   -19.11     4500     500  0.020  0.030    0.15    0.50  1200  0.060  0.080    0.15    0.40   100
 16   0.3302    +4.59     9.04   -19.09     4500     500  0.020  0.030    0.15    0.50  1200  0.080  0.080    0.25    0.30   100
 17   0.3301    +4.59     9.03   -19.09     4500     500  0.020  0.030    0.15    0.50  1200  0.060  0.080    0.15    0.30   100
 18   0.3301    +4.59     9.03   -19.09     4500     500  0.020  0.030    0.15    0.50  1200  0.060  0.080    0.30    0.40   100
 19   0.3301    +4.59     9.03   -19.08     4500     500  0.020  0.030    0.15    0.50  1200  0.080  0.080    0.20    0.30   100
 20   0.3301    +4.59     9.03   -19.11     4500     500  0.020  0.030    0.15    0.50  1200  0.060  0.080    0.20    0.40   100
------------------------------------------------------------------------------------------------

★ 推荐参数 (9:1先验分配, 无未来函数):
  515450 月投: 4500元   恒科月投: 500元
  HLDB 网格: G1_BUY=2.0%  G2_BUY=3.0%  G1_SELL=15%  G2_SELL=50%  SHARES=1200
  HST  网格: G1_BUY=8.0%  G2_BUY=8.0%  G1_SELL=20%  G2_SELL=50%  SHARES=100
  Sharpe=0.3308  Ann=+4.60%  XIRR=9.06%  MaxDD=-19.11%

(参考: 预算优化值 4800:200 Sharpe=0.3511, 含未来函数, 差距不显著)
